1738414561416 0.07 100
1738414689228 0.15 200
1738414817050 0.22 300
1738414944859 0.29 400
1738415072677 0.37 500
1738415200489 0.44 600
1738415328301 0.51 700
1738415456129 0.59 800
1738415583988 0.66 900
1738415711789 0.73 1000
1738415839625 0.8 1100
1738415967486 0.88 1200
1738416095321 0.95 1300
1738416258644 1.0 1367
1738416305018 1.02 1400
1738416432832 1.1 1500
1738416560639 1.17 1600
1738416688449 1.24 1700
1738416816270 1.32 1800
1738416944137 1.39 1900
1738417072018 1.46 2000
1738417199836 1.54 2100
1738417327677 1.61 2200
1738417455528 1.68 2300
1738417583461 1.76 2400
1738417711331 1.83 2500
1738417839182 1.9 2600
1738417967103 1.98 2700
1738418088371 2.0 2734
1738418176564 2.05 2800
1738418304531 2.12 2900
1738418432395 2.19 3000
1738418560248 2.27 3100
1738418688097 2.34 3200
1738418815975 2.41 3300
1738418943837 2.49 3400
1738419071698 2.56 3500
1738419199610 2.63 3600
1738419327471 2.71 3700
1738419455318 2.78 3800
1738419583171 2.85 3900
1738419711032 2.93 4000
1738419838864 3.0 4100
1738419917801 3.0 4101
1738419923798 3.0 4101
