1738414561416 0.49721798300743103 100
1738414689228 3.9586219787597656 200
1738414817050 4.944738864898682 300
1738414944859 5.815633773803711 400
1738415072677 22.849775314331055 500
1738415200489 2.690751314163208 600
1738415328301 9.87423038482666 700
1738415456129 8.162628173828125 800
1738415583988 9.834526062011719 900
1738415711789 0.1599729359149933 1000
1738415839625 0.9010539054870605 1100
1738415967486 2.9229397773742676 1200
1738416095321 7.517318248748779 1300
1738416305018 0.9405949711799622 1400
1738416432832 0.8058503270149231 1500
1738416560639 0.1608518362045288 1600
1738416688449 5.847613334655762 1700
1738416816270 0.06418067961931229 1800
1738416944137 3.7954490184783936 1900
1738417072018 2.7289912700653076 2000
1738417199836 15.908193588256836 2100
1738417327677 2.6478071212768555 2200
1738417455528 0.23189033567905426 2300
1738417583461 0.09205689281225204 2400
1738417711331 0.1273549646139145 2500
1738417839182 0.13301678001880646 2600
1738417967103 0.07640190422534943 2700
1738418176564 9.322622299194336 2800
1738418304531 0.05502060800790787 2900
1738418432395 0.05340759828686714 3000
1738418560248 0.046924762427806854 3100
1738418688097 0.055079810321331024 3200
1738418815975 0.7085047960281372 3300
1738418943837 2.4239158630371094 3400
1738419071698 0.05183984711766243 3500
1738419199610 0.17131948471069336 3600
1738419327471 0.2701490819454193 3700
1738419455318 0.12055891007184982 3800
1738419583171 0.048693690448999405 3900
1738419711032 0.036993104964494705 4000
1738419838864 0.07737492769956589 4100
