1738414561416 4.8780785174347723e-05 100
1738414689228 4.7561570348695445e-05 200
1738414817050 4.6342355523043166e-05 300
1738414944859 4.512314069739088e-05 400
1738415072677 4.390392587173861e-05 500
1738415200489 4.268471104608632e-05 600
1738415328301 4.146549622043404e-05 700
1738415456129 4.0246281394781764e-05 800
1738415583988 3.9027066569129486e-05 900
1738415711789 3.78078517434772e-05 1000
1738415839625 3.658863691782492e-05 1100
1738415967486 3.536942209217264e-05 1200
1738416095321 3.415020726652036e-05 1300
1738416305018 3.293099244086808e-05 1400
1738416432832 3.1711777615215805e-05 1500
1738416560639 3.0492562789563523e-05 1600
1738416688449 2.927334796391124e-05 1700
1738416816270 2.8054133138258965e-05 1800
1738416944137 2.6834918312606683e-05 1900
1738417072018 2.56157034869544e-05 2000
1738417199836 2.4396488661302122e-05 2100
1738417327677 2.3177273835649843e-05 2200
1738417455528 2.195805900999756e-05 2300
1738417583461 2.0738844184345282e-05 2400
1738417711331 1.9519629358693003e-05 2500
1738417839182 1.830041453304072e-05 2600
1738417967103 1.708119970738844e-05 2700
1738418176564 1.5861984881736163e-05 2800
1738418304531 1.4642770056083882e-05 2900
1738418432395 1.3423555230431603e-05 3000
1738418560248 1.2204340404779323e-05 3100
1738418688097 1.0985125579127042e-05 3200
1738418815975 9.765910753474761e-06 3300
1738418943837 8.546695927822483e-06 3400
1738419071698 7.327481102170203e-06 3500
1738419199610 6.108266276517922e-06 3600
1738419327471 4.8890514508656425e-06 3700
1738419455318 3.6698366252133623e-06 3800
1738419583171 2.450621799561083e-06 3900
1738419711032 1.2314069739088028e-06 4000
1738419838864 1.21921482565228e-08 4100
