1738414561416 0.5635 100
1738414689228 0.3176 200
1738414817050 0.2837 300
1738414944859 0.3025 400
1738415072677 0.2741 500
1738415200489 0.2389 600
1738415328301 0.2519 700
1738415456129 0.2716 800
1738415583988 0.2447 900
1738415711789 0.2017 1000
1738415839625 0.19 1100
1738415967486 0.2068 1200
1738416095321 0.2182 1300
1738416305018 0.1969 1400
1738416432832 0.1596 1500
1738416560639 0.1569 1600
1738416688449 0.1153 1700
1738416816270 0.1477 1800
1738416944137 0.1587 1900
1738417072018 0.1547 2000
1738417199836 0.1515 2100
1738417327677 0.1151 2200
1738417455528 0.154 2300
1738417583461 0.1306 2400
1738417711331 0.1325 2500
1738417839182 0.1306 2600
1738417967103 0.1525 2700
1738418176564 0.0853 2800
1738418304531 0.0967 2900
1738418432395 0.0926 3000
1738418560248 0.0799 3100
1738418688097 0.0894 3200
1738418815975 0.0712 3300
1738418943837 0.0833 3400
1738419071698 0.0969 3500
1738419199610 0.1022 3600
1738419327471 0.0583 3700
1738419455318 0.0723 3800
1738419583171 0.0653 3900
1738419711032 0.061 4000
1738419838864 0.0812 4100
