1738407239947 0.07 100
1738407368462 0.14 200
1738407496950 0.22 300
1738407625581 0.29 400
1738407754327 0.36 500
1738407883072 0.43 600
1738408011828 0.5 700
1738408140579 0.58 800
1738408269265 0.65 900
1738408398066 0.72 1000
1738408526944 0.79 1100
1738408655608 0.86 1200
1738408784275 0.93 1300
1738408980282 1.0 1391
1738408994048 1.01 1400
1738409122564 1.08 1500
1738409251331 1.15 1600
1738409379970 1.22 1700
1738409508615 1.29 1800
1738409637305 1.37 1900
1738409765986 1.44 2000
1738409894728 1.51 2100
1738410023360 1.58 2200
1738410151852 1.65 2300
1738410280590 1.73 2400
1738410409313 1.8 2500
1738410538065 1.87 2600
1738410666720 1.94 2700
1738410851191 2.0 2782
1738410876493 2.01 2800
1738411005294 2.08 2900
1738411133890 2.16 3000
1738411262698 2.23 3100
1738411391397 2.3 3200
1738411520020 2.37 3300
1738411648701 2.44 3400
1738411777387 2.52 3500
1738411906057 2.59 3600
1738412034803 2.66 3700
1738412163503 2.73 3800
1738412292167 2.8 3900
1738412420920 2.88 4000
1738412549654 2.95 4100
1738412722447 3.0 4173
1738412724734 3.0 4173
