1738407239947 2.970557928085327 100
1738407368462 4.776822566986084 200
1738407496950 11.027519226074219 300
1738407625581 1.9288525581359863 400
1738407754327 7.20535945892334 500
1738407883072 0.26482734084129333 600
1738408011828 7.704432964324951 700
1738408140579 1.9222571849822998 800
1738408269265 0.22024782001972198 900
1738408398066 10.47589111328125 1000
1738408526944 8.251884460449219 1100
1738408655608 6.324057579040527 1200
1738408784275 16.943805694580078 1300
1738408994048 13.609047889709473 1400
1738409122564 0.2663913667201996 1500
1738409251331 0.15492670238018036 1600
1738409379970 3.092952251434326 1700
1738409508615 0.2584832012653351 1800
1738409637305 0.17881453037261963 1900
1738409765986 0.16749173402786255 2000
1738409894728 1.008099913597107 2100
1738410023360 5.225586414337158 2200
1738410151852 0.12195926904678345 2300
1738410280590 4.104898929595947 2400
1738410409313 0.1336723119020462 2500
1738410538065 0.07525182515382767 2600
1738410666720 0.09634304791688919 2700
1738410876493 0.22603380680084229 2800
1738411005294 0.08274029940366745 2900
1738411133890 0.058656029403209686 3000
1738411262698 0.42395010590553284 3100
1738411391397 0.1958460956811905 3200
1738411520020 0.0838998556137085 3300
1738411648701 0.03613824397325516 3400
1738411777387 0.04464871808886528 3500
1738411906057 0.05331636965274811 3600
1738412034803 3.889127731323242 3700
1738412163503 0.05928681045770645 3800
1738412292167 0.060713790357112885 3900
1738412420920 3.6111979484558105 4000
1738412549654 0.08174953609704971 4100
