1738407239947 4.880182123172777e-05 100
1738407368462 4.760364246345555e-05 200
1738407496950 4.640546369518332e-05 300
1738407625581 4.5207284926911095e-05 400
1738407754327 4.400910615863887e-05 500
1738407883072 4.281092739036665e-05 600
1738408011828 4.161274862209442e-05 700
1738408140579 4.0414569853822194e-05 800
1738408269265 3.921639108554996e-05 900
1738408398066 3.801821231727774e-05 1000
1738408526944 3.682003354900551e-05 1100
1738408655608 3.5621854780733286e-05 1200
1738408784275 3.442367601246106e-05 1300
1738408994048 3.322549724418884e-05 1400
1738409122564 3.202731847591661e-05 1500
1738409251331 3.0829139707644385e-05 1600
1738409379970 2.9630960939372155e-05 1700
1738409508615 2.843278217109993e-05 1800
1738409637305 2.72346034028277e-05 1900
1738409765986 2.6036424634555477e-05 2000
1738409894728 2.483824586628325e-05 2100
1738410023360 2.3640067098011023e-05 2200
1738410151852 2.2441888329738796e-05 2300
1738410280590 2.124370956146657e-05 2400
1738410409313 2.0045530793194346e-05 2500
1738410538065 1.884735202492212e-05 2600
1738410666720 1.7649173256649892e-05 2700
1738410876493 1.6450994488377665e-05 2800
1738411005294 1.525281572010544e-05 2900
1738411133890 1.4054636951833214e-05 3000
1738411262698 1.2856458183560987e-05 3100
1738411391397 1.1658279415288762e-05 3200
1738411520020 1.0460100647016535e-05 3300
1738411648701 9.261921878744308e-06 3400
1738411777387 8.063743110472083e-06 3500
1738411906057 6.865564342199857e-06 3600
1738412034803 5.66738557392763e-06 3700
1738412163503 4.469206805655404e-06 3800
1738412292167 3.2710280373831774e-06 3900
1738412420920 2.0728492691109513e-06 4000
1738412549654 8.746705008387251e-07 4100
