1738407239947 0.4958 100
1738407368462 0.2868 200
1738407496950 0.2933 300
1738407625581 0.2496 400
1738407754327 0.2462 500
1738407883072 0.2274 600
1738408011828 0.2504 700
1738408140579 0.1993 800
1738408269265 0.2441 900
1738408398066 0.1938 1000
1738408526944 0.2405 1100
1738408655608 0.2278 1200
1738408784275 0.1887 1300
1738408994048 0.2502 1400
1738409122564 0.1264 1500
1738409251331 0.1416 1600
1738409379970 0.1464 1700
1738409508615 0.1377 1800
1738409637305 0.1331 1900
1738409765986 0.1369 2000
1738409894728 0.1382 2100
1738410023360 0.1467 2200
1738410151852 0.1296 2300
1738410280590 0.1201 2400
1738410409313 0.1268 2500
1738410538065 0.1352 2600
1738410666720 0.1269 2700
1738410876493 0.1099 2800
1738411005294 0.0639 2900
1738411133890 0.0716 3000
1738411262698 0.0736 3100
1738411391397 0.0763 3200
1738411520020 0.0784 3300
1738411648701 0.0503 3400
1738411777387 0.0975 3500
1738411906057 0.0797 3600
1738412034803 0.0662 3700
1738412163503 0.0913 3800
1738412292167 0.0729 3900
1738412420920 0.0601 4000
1738412549654 0.0672 4100
